Mean Squared Log Error:
Linear	Ridge	Lasso
GraphRep:  2.6840419125343815 2.59671721504269 2.5891215782754244
SDNE:  2.9349795193910633 2.9349795193910473 2.934978828272063
Node2Vec:  2.6014138807134373 2.5961400015090725 2.585763060408846
HOPE:  2.620548222957045 2.575946684235812 2.571649961768957
Graphfactorization:  2.636033188897398 2.560791389194685 2.5254538650747316
GCN_750m:  2.551752315391194 2.5492328146866705 2.540887879236528
GCN_500m:  2.538962914741173 2.538937414555601 2.5371320950769767
GCN_250m:  2.53653762212103 2.533880727036003 2.5394671685898667
no_GCN:  2.5490618276507173 2.532583609405983 2.536918261263842
Variance:
Linear	Ridge	Lasso
GraphRep:  0.00031450703541002995 6.014243299210119e-06 6.509593370276723e-05
SDNE:  0.004324794589931628 0.00432479458993068 0.004324780507361022
Node2Vec:  0.011373674575179954 0.010685209897828856 0.0033041402915013483
HOPE:  0.011612709740819557 0.010625055701325865 0.017536984351804716
Graphfactorization:  1.3806791004627898e-06 0.00014222403749296724 0.0004913489821286031
GCN_750m:  1.9721522630525295e-31 0.0 0.0
GCN_500m:  7.888609052210118e-31 1.9721522630525295e-31 0.0
GCN_250m:  0.0 0.0 0.0
no_GCN:  1.9721522630525295e-31 7.888609052210118e-31 7.888609052210118e-31
